300.00000000
300.00000000
300.00000000
300.00000000
300.00000000
2.35504928
2.29503002
2.22300072
2.31270476
2.27577291
2.38154013
2.25809357
2.17618206
2.16958377
2.15441411
2.19304823
2.23392018
2.29388880
2.30746201
2.20206503
2.15703886
2.23741059
2.39424576
2.13488741
2.29563406
2.24838693
2.09856589
2.12479166
2.20057955
2.21902831
2.22809005
2.30387138
2.22162988
2.26328585
2.17357295
2.11034145
2.26110705
2.31525158
2.21183573
2.18517669
2.19060398
2.27244085
2.11408290
2.19670155
2.12878402
2.14768269
2.15634861
2.27863816
2.39617347
2.34950274
2.36745147
2.43138532
2.47423472
2.35016204
2.40505653
2.44331084
2.43833211
2.33735632
2.48624489
2.47412540
2.40250468
2.43803572
2.55766870
2.86080733
2.95696037
2.67552184
2.71024257
2.59757063
2.80458719
2.66014166
2.73323813
2.74190229
2.79067159
2.81275581
2.66397600
2.62929842
2.66827020
2.62643428
2.53223593
2.41927003
2.43094121
2.43603633
2.29334700
2.31698248
2.37960668
2.39050509
2.42078183
2.34294255
2.41936877
2.36648672
2.34700640
2.35259805
2.32378328
2.38392483
2.43134668
2.35273999
2.40786331
2.39090281
2.34488406
2.30569296
2.26985000
2.35109776
2.31655614
2.39831422
2.33946820
2.24516530
2.29472661
2.33573140
2.23536946
2.38733995
2.24034365
2.27648092
2.36075935
2.40291941
2.25620901
2.38941170
2.51329847
2.37112270
2.32498193
2.38414319
2.36706516
2.27551272
2.24057245
300.00000000
300.00000000
300.00000000
300.00000000
300.00000000
300.00000000
300.00000000
300.00000000
300.00000000
3.57768889
3.59747276
3.72692205
3.61154311
3.50385878
3.53344025
3.82330761
3.47038323
3.56690562
3.44604396
3.33052477
3.55021008
3.36876770
3.36076143
3.38918765
3.32913225
3.30764274
3.26447112
3.31420944
3.28368720
3.19001665
3.15442502
3.13632663
3.15865308
3.07589816
3.08864787
3.11450863
3.07261439
3.14019055
3.16308939
3.13889997
3.06412132
3.16888912
3.14109652
3.11603381
3.12874404
3.33072272
3.10999317
3.17476989
3.08041237
3.13178473
3.17361531
3.12551925
3.18274317
3.24991738
3.28854707
3.29303040
3.28049604
3.36368102
3.36433544
3.28024394
3.38277860
3.37266146
3.37761443
3.37670090
3.40230110
3.46709964
3.39863284
3.45161165
4.06588734
4.58116302
3.97335970
3.84820621
3.87684622
3.83251929
3.83464214
3.81128701
3.79325802
3.77143761
3.77087683
3.74040511
3.69698250
3.83948954
3.71953091
3.72899064
3.67416688
3.69715802
3.52365125
3.57947132
3.55972603
3.59187416
3.57389712
3.62330924
3.56961835
3.46414185
3.55140218
3.45119454
3.49993617
3.48528378
3.50953989
3.40642614
3.42365616
3.46100266
3.41791792
3.41854069
3.42124432
3.37610471
3.45447674
3.49152513
3.44592559
3.44355156
3.39871842
3.55962506
3.46156326
3.53561281
3.50939387
3.43263644
3.56233918
3.51141082
3.53421456
3.45652675
3.51021804
3.87057698
3.58062849
3.59444264
3.56519185
3.58843107
3.60650579
3.65722960
3.74766700
300.00000000
300.00000000
300.00000000
300.00000000
