300.00000000
300.00000000
300.00000000
300.00000000
300.00000000
2.07276844
2.03658222
2.09681083
2.04144085
2.07453111
2.04841313
2.01574835
2.05693356
1.99855068
2.03356411
1.96659864
1.94459035
2.00442977
1.96584246
2.05693904
1.97824326
2.04560677
1.87957882
2.00839502
1.94081303
1.98695800
1.89492849
1.94916330
1.88031477
1.90330301
1.87721456
1.94743798
1.87585141
1.91005137
1.91090573
1.92574464
1.88695821
1.94601493
1.90531167
1.93321703
1.86171707
1.95087973
1.91952823
1.92732562
1.93243987
1.92341537
1.93763291
1.91076047
2.00068614
2.14816178
2.09188546
2.19688209
2.14353870
2.47483340
2.33445158
2.53756075
2.42476428
2.36641277
2.34822910
2.19929824
2.33608977
2.31728983
2.38389564
2.81595819
2.65610893
2.53951604
2.23551998
2.28822666
2.14338753
2.15213784
2.10287189
2.15601900
2.04567210
2.11356390
2.11788659
2.10832918
2.07797076
2.02716166
2.06643585
2.00757278
1.98068983
1.98074906
2.01675263
1.99685379
1.95026312
1.99798043
2.01166246
1.99918215
2.01046703
1.97712247
2.04115004
1.96770747
1.99809582
1.99741601
1.91954422
1.96176651
1.92080860
1.96540245
1.94569851
2.00837900
1.91710915
1.97388385
1.96370643
1.98245546
1.99870682
2.03745155
1.96699762
2.11698821
2.03622817
2.01033016
2.03206565
1.99042686
2.03933524
2.08351618
1.98754947
2.00584940
1.98595872
2.01228589
1.95721345
2.02792589
1.96262963
1.97731930
1.94092068
300.00000000
300.00000000
300.00000000
300.00000000
300.00000000
300.00000000
300.00000000
300.00000000
300.00000000
3.87236636
3.90946236
3.82482517
3.91440320
4.00074760
3.80906148
3.84120153
3.76604064
3.90568113
3.69968385
3.67281274
3.76247152
3.59883809
3.56816722
3.68325913
3.58048297
3.52343560
3.55039420
3.78394775
3.45350307
3.51885155
3.44632025
3.46771455
3.43793065
3.37561476
3.54375074
3.28332291
3.35203761
3.24440622
3.26557865
3.47165400
3.33152592
3.49160319
3.41099279
3.34650260
3.52523526
3.44779611
3.50941019
3.40979736
3.45291914
3.45065653
3.46927233
3.45974064
3.44381629
3.55762193
3.52078653
3.52847718
3.64227413
3.61444481
3.61548032
3.59397524
3.57058946
3.61349236
3.65997412
3.60682722
3.61117944
3.67141235
3.61300733
3.77102074
4.14477677
3.86819083
3.42713285
3.17399820
3.07852560
3.15389667
3.10519222
3.12138522
3.10715922
3.02892706
3.08916536
3.06898082
3.07145457
3.16082424
3.11117131
3.10375250
3.03596702
3.09925773
2.98079160
3.06358204
2.97517046
3.02914250
2.91849862
2.96354860
2.95956716
2.96885364
3.05187309
3.09433984
2.97033806
2.99317767
3.06903198
2.94130234
2.94271580
2.89340760
2.90385060
2.85726957
3.03090470
2.92809075
2.89783223
2.84545206
2.95302741
2.94174737
2.86991650
3.00605214
3.02281595
2.99299263
2.95440886
3.00338662
2.99454808
2.98206004
3.07290230
3.13050611
3.11028619
3.04933621
3.03859403
3.08711888
3.11919218
3.14785539
3.19702002
3.30430878
3.19453851
300.00000000
300.00000000
300.00000000
300.00000000
