300.00000000
300.00000000
300.00000000
300.00000000
300.00000000
3.41637803
3.46722532
4.28895588
4.22087463
3.40486770
3.30207720
3.36564380
3.34272486
3.34129709
3.33445423
3.41377988
3.33383379
3.37556159
3.37477152
3.41338356
3.28676748
3.43825609
3.19044224
3.36944833
3.29460838
3.30052133
3.24863976
3.23863258
3.19977754
3.38010570
3.84965253
3.36156476
3.14553565
3.15140593
3.76361775
3.60393797
3.09071079
3.06258554
3.08310822
3.08705230
3.03989598
3.11129489
3.06736845
3.07852490
3.06671395
3.19601932
3.09465979
3.28050619
3.13859223
3.16836893
3.13081390
3.01700868
3.07486735
3.04877280
3.09092411
3.09699061
3.12299478
3.22584801
3.16424102
3.20620674
3.15998136
3.16518486
3.07333168
3.34687108
3.32554980
3.03046689
2.96032975
2.98338610
2.94995890
2.92742366
3.00872570
2.89488251
2.87107012
2.89518684
2.90109429
2.95409321
3.01558217
2.99764684
2.83852728
2.84857678
2.91276265
2.88097931
2.89152785
2.88747162
3.07603964
2.99358297
2.85852083
2.86721710
2.84643578
2.84568839
2.77591766
2.82230560
2.79526508
2.81516397
2.79928513
2.79515452
2.80275974
2.80053940
2.81430539
2.81711229
2.88831150
2.97310795
2.88358045
2.89186909
2.88885006
2.90587068
2.86052865
2.96450544
2.86325046
2.92257841
2.81518157
2.90244375
2.84480013
2.91000689
2.91922354
2.91033820
2.88772778
2.93002162
2.82301690
2.87570999
2.84205786
2.82583193
2.78539366
300.00000000
300.00000000
300.00000000
300.00000000
300.00000000
300.00000000
300.00000000
300.00000000
300.00000000
6.47744266
6.22583790
6.13762381
6.18508077
6.11919757
6.26158822
6.22552950
4.31352418
6.14744504
6.02126774
5.59530433
6.06153435
6.12551604
6.02717704
5.92066064
6.06306178
6.11598877
5.90756503
5.78164924
5.98951314
4.98170560
6.08122081
6.10865865
6.03206588
5.98991873
5.88947678
5.87199685
5.89038234
5.91406602
5.79116498
5.89459940
5.98435933
5.76204494
5.87548607
5.92340566
5.84265372
5.95045556
5.87353218
5.99385321
5.76170210
5.84716122
5.90553742
5.88771413
5.82701256
5.79259616
5.96712155
5.90595277
5.69818742
5.93808221
5.84005555
5.91563218
5.93846174
5.91315088
6.07469602
5.75592619
5.97217502
5.91540479
5.81297547
5.76854329
6.09387647
6.45750841
6.04378262
6.20244911
6.10301729
6.32179365
6.10826398
6.09908567
6.06395805
6.06007961
5.95709774
6.08365215
6.12604757
5.96143808
6.21987420
6.15183626
6.04316781
6.04183210
6.04575737
5.90617459
5.97459473
6.06927158
6.02478947
6.02395968
5.85745789
5.86979239
5.99424229
5.86027308
5.90594535
5.77042963
5.93210586
5.73312221
5.96950021
5.88349745
5.75437123
5.64676912
5.80867368
5.80898616
5.86935404
5.85124831
5.78031159
5.72052652
5.68842877
5.76696504
5.79305278
5.76295180
5.79544717
5.80684095
5.87613942
5.81620521
5.82923063
5.72522748
5.86647157
5.71565949
5.88519534
5.83163643
5.86975715
5.81459250
6.05996268
6.01649673
7.13716052
300.00000000
300.00000000
300.00000000
300.00000000
