300.00000000
300.00000000
300.00000000
300.00000000
300.00000000
2.50222560
2.31774429
2.32773938
2.23437511
2.32604352
2.37479342
2.39030744
2.22589858
2.30974241
2.25950469
2.27969227
2.21295863
2.20385474
2.23588879
2.24002849
2.11800661
2.14485895
2.14848275
2.25676055
2.11422386
2.27490656
2.11169770
2.14903252
2.10137529
2.13563907
2.12513327
2.09187124
2.04675323
2.20108003
2.11705255
2.07344604
2.07161958
2.07093566
2.15398738
2.11908053
2.14598588
2.09292004
2.14603599
2.15793746
2.15785658
2.17985806
2.26268529
2.36617819
2.49801198
2.83162550
2.76656329
3.13954087
3.00286394
2.93608911
2.72436066
2.53290515
2.50720883
2.54842854
2.51788785
2.39846856
2.69679105
2.80489725
2.95272458
3.59985894
3.60613385
3.47028157
3.02876270
3.06795146
2.64059723
2.61778704
2.38402241
2.39324218
2.41255676
2.33049974
2.41469041
2.29104231
2.31594002
2.19929639
2.36621500
2.25011408
2.15025490
2.13088081
2.11399961
2.13135657
2.12267575
2.19915603
2.21600961
2.18158219
2.07171245
2.14354988
2.17675560
2.12330482
2.20026107
2.12566362
2.14537302
2.14382693
2.31606141
2.18050226
2.22399887
2.15872276
2.09853648
2.29027642
2.12600275
2.23593720
2.11719410
2.20496775
2.13623865
2.18828971
2.17194944
2.21170390
2.19600204
2.23583512
2.16711733
2.45012021
2.20212024
2.24898639
2.17688871
2.28180892
2.17291164
2.20073095
2.17424387
2.55246445
2.22063125
300.00000000
300.00000000
300.00000000
300.00000000
300.00000000
300.00000000
300.00000000
300.00000000
300.00000000
3.75186611
3.81599432
3.60581090
3.75035444
3.59564102
3.66718182
3.60962732
3.51325120
3.52927367
3.57672614
3.45126383
3.51879373
3.42103266
3.42606871
3.38182829
3.37063661
3.27102849
3.25117551
3.28654321
3.20607703
3.16973067
3.17726713
3.10750732
3.07277552
3.23699245
3.12880108
3.06623308
3.19695336
3.07314169
3.28406242
3.22443846
3.09881683
3.11419551
3.10217476
3.23338866
3.13216675
3.21979316
3.13656812
3.12619849
3.30095503
3.16417595
3.16129345
3.23313446
3.18867944
3.32034762
3.37939307
3.37078411
3.41165583
3.39408224
3.42351200
3.49200761
3.41334573
3.46954150
3.40242215
3.41166083
3.44801737
3.53438585
3.67732107
3.73705420
4.27845050
3.72617867
3.26826044
3.21570359
3.19782628
3.19099047
3.11703208
3.25090928
3.13619293
3.21720222
3.10411875
3.12865661
3.11912987
3.27111992
3.21713580
3.21695405
3.15132899
3.09142000
3.03484073
3.08756886
3.04261578
3.12276959
3.07473287
3.10694240
3.10247101
3.06462741
2.99170345
2.99013284
3.05237979
3.07579852
2.98258565
2.94402706
2.92972306
2.96408309
3.00082476
2.95125166
2.92746610
3.08782998
2.97690346
2.95365225
2.93953098
3.02703270
2.96402491
2.97726145
3.00355069
3.03502825
3.10748535
3.16399927
3.02139839
3.19600442
3.11526066
3.12821832
3.07948870
3.19570828
3.15720695
3.21751446
3.16457081
3.41735026
3.29107363
3.30768324
3.33766921
300.00000000
300.00000000
300.00000000
300.00000000
