300.00000000
300.00000000
300.00000000
300.00000000
300.00000000
2.02608652
2.01898519
2.44834394
2.20208200
2.09389206
2.05150353
2.24203473
1.98955386
2.03482698
1.98153107
2.08460834
1.97119990
2.00515264
1.96807229
2.09485102
2.00204763
2.22747005
1.97999574
1.99680275
1.95409093
2.03475881
1.99065909
1.96245827
1.99287427
1.98644196
1.96664506
2.01333291
2.06537076
2.01281090
1.93773117
1.95177766
2.00831533
1.95260264
2.04151045
2.03234109
1.93893400
2.10962875
1.98798977
2.11605778
1.94780874
1.99140143
1.97260995
2.05060775
2.17027938
2.18217350
2.18711303
2.04020719
2.23087932
2.08407775
2.15444388
2.26552350
2.07310309
2.08218264
2.11539070
2.34003537
2.15629347
2.20737552
2.18661281
2.66026889
2.65905385
2.36534474
2.27019127
2.28029603
2.38030404
2.26666293
2.28760460
2.32060687
2.42668921
2.34000517
2.32943665
2.27926570
2.25777235
2.21630417
2.24936147
2.20511769
2.19029247
2.04398554
2.05924744
2.12434986
2.10462045
2.05895386
2.04983684
2.05983184
2.05497380
2.13495440
2.01205323
2.07019971
2.08236118
2.02196365
2.02881860
2.10279741
2.08428676
2.05238494
2.08123903
2.03943914
2.03230466
2.30823584
2.01839882
2.01226628
2.01584676
2.05034097
2.02576828
2.13299349
2.04349718
2.14140011
2.04763164
2.05932878
2.11973632
2.20460434
2.06487199
2.07720773
2.02025076
2.26099673
2.09118678
2.06471950
2.06858529
2.03689079
2.08795938
300.00000000
300.00000000
300.00000000
300.00000000
300.00000000
300.00000000
300.00000000
300.00000000
300.00000000
3.64723096
3.66179250
3.71621349
3.64796026
3.65022387
3.65509317
3.65421266
3.56004114
3.56101572
3.47815593
3.49207924
3.53674311
3.49799741
3.52336043
3.52023784
3.61813517
3.35091149
3.39036587
3.28502578
3.30126293
3.23805823
3.35306332
3.23376929
3.18063595
3.25045312
3.10371307
3.13348954
3.25882921
3.18122576
3.11144409
3.13750051
3.12192884
3.17622531
3.10978111
3.13615635
3.11386838
3.20188387
3.15819015
3.22709476
3.19579511
3.18074774
3.18675759
3.18273251
3.23522312
3.29161871
3.35731967
3.34808341
3.39175867
3.41402256
3.41525696
3.46667073
3.44740714
3.43257291
3.41916048
3.44632488
3.44697590
3.47673639
3.58620540
3.58540328
4.18673657
3.94080960
3.29837136
3.30512581
3.34280195
3.43337856
3.37468037
3.34761010
3.33855814
3.39533272
3.39958158
3.27582367
3.36813719
3.50382642
3.37641469
3.33725493
3.17734334
3.16466567
3.28490051
3.20609747
3.15332574
3.18949392
3.13688773
3.15335895
3.13771227
3.09322981
3.09366036
3.06647881
3.09447595
3.09474054
3.14714919
3.15168039
3.05261445
3.06478035
3.02827414
3.06423345
3.04923172
3.10184759
3.06653834
3.03086543
3.11891539
3.08193170
3.14933845
3.09957980
3.08363298
3.18990368
3.15951170
3.18437113
3.18193825
3.17890329
3.19714585
3.23190841
3.22850808
3.15212742
3.74566881
3.34027292
3.30931682
3.22712045
3.32281272
3.25629766
3.58532091
300.00000000
300.00000000
300.00000000
300.00000000
