300.00000000
300.00000000
300.00000000
300.00000000
300.00000000
2.69149334
2.58113239
2.84085151
2.57372277
2.72583154
2.48866849
2.66547600
2.77495700
2.58617284
2.50537857
2.54855115
2.49689105
2.95219109
2.46860425
2.48462592
2.37957242
2.50424735
2.36396104
2.58526066
2.36197581
2.43146649
2.32082930
2.41469874
2.39681726
2.41446542
2.42990897
2.38668525
2.40007304
2.43870440
2.47455591
2.33831608
2.35383707
2.46848324
2.39686540
2.44396437
2.37796295
2.50631755
2.45758098
2.49267454
2.42551372
2.41686132
2.47467256
2.57387123
2.62487456
2.70432408
2.68505784
2.65565271
2.67764270
2.70381648
2.79290108
2.74396750
2.91674529
3.01239121
3.02946568
3.27350967
2.90942446
3.68170760
3.11577034
4.17596193
3.33351585
3.71658069
3.24606571
4.99648820
3.38529767
5.25295427
3.22313778
4.15089576
2.92454067
3.28746808
2.87672643
2.94250749
2.81563110
2.94540594
2.73136872
2.48695178
2.48923220
2.49589643
2.46916338
2.44303287
2.35406446
2.45690280
2.40703038
2.40906126
2.36789014
2.34091597
2.41597229
2.37844980
2.36803998
2.39394336
2.32264980
2.31679056
2.35278475
2.45428982
2.47078196
2.42690651
2.41595806
2.42295523
2.33803145
2.44482999
2.35275391
2.41811706
2.35204981
2.58910516
2.40690122
2.85136083
2.33197575
2.66196969
2.39307664
2.50453974
2.36836589
2.52143962
2.43235185
2.55386012
2.44041641
2.47793660
2.42109738
2.60209197
2.48762095
300.00000000
300.00000000
300.00000000
300.00000000
300.00000000
300.00000000
300.00000000
300.00000000
300.00000000
3.90204177
3.91937016
4.03323266
3.97256507
3.84827602
3.95701047
3.91550621
3.91690777
3.81208701
3.78633048
3.94731751
3.73113276
3.92876521
3.71210780
3.70328097
3.66323731
3.73775788
3.59236365
3.67158468
3.45440742
3.36541797
3.33658133
3.46334469
3.20614325
3.15424913
3.13217046
3.23316653
3.20919224
3.29058283
3.16402952
3.17589205
3.18850852
3.24343633
3.18895444
3.20750391
3.33204716
3.26186688
3.22849344
3.34514107
3.33941610
3.41010417
3.40161543
3.36702430
3.41474965
3.54549814
3.48864632
3.55575285
3.51931006
3.58240328
3.54981686
3.60801411
3.56589930
3.61632383
3.62015466
3.64689196
3.64293501
3.67926062
3.64722379
3.73746542
4.38501432
4.54254113
3.88761395
3.85743963
4.01538686
3.94279501
4.17044608
3.80959111
3.86347341
3.89594535
3.93586388
3.84499860
3.84625440
3.72942945
3.67937921
3.76732744
3.81860849
3.77486086
3.71659897
3.65775743
3.67800991
3.63858071
3.56198022
3.60569333
3.71086509
3.59850863
3.54961790
3.71817305
3.62866151
3.56227114
3.52923196
3.69065819
3.51023849
3.54184672
3.47585219
3.44867903
3.47975497
3.54553592
3.45395858
3.43545324
3.48895407
3.51574257
3.62981022
3.63657294
3.82413739
3.63329051
3.69212787
3.70005713
3.72526718
3.83735499
3.83327148
3.91603406
4.01276561
4.02459410
4.26039493
4.04489370
4.12910872
4.30375627
4.19087155
4.19921072
4.27416796
300.00000000
300.00000000
300.00000000
300.00000000
