300.00000000
300.00000000
300.00000000
300.00000000
2.17161845
2.27180455
2.14841442
2.27699253
2.20247040
2.41725049
2.13370333
2.26961174
2.16235674
2.27089866
2.25752516
2.45438366
2.17797916
2.13319511
2.16630575
2.20410743
2.14929246
2.09282481
2.13924161
2.20337667
2.10462464
2.18073743
2.12707810
2.12780775
2.12406355
2.23386167
2.07273596
2.10353575
2.10516107
2.06785299
2.07564615
2.11598520
2.13954791
2.11361026
2.08595309
2.06848144
2.09410014
2.09146561
2.09549302
2.14925395
2.11001134
2.24959368
2.21183608
300.00000000
2.22669534
2.39033172
2.42733150
2.69661905
2.67737909
2.78473944
2.73840676
2.77358314
2.57206425
2.56098121
2.71481107
2.34028882
2.75746323
2.73429918
3.29624485
4.05048951
3.82924077
4.07789939
3.45601723
3.52798214
2.80235143
2.88623409
2.45214930
2.54169590
2.47374322
2.35544102
2.38612810
2.33129855
2.45004774
2.32072300
2.35091945
2.23136914
2.28355023
2.35551945
2.26891390
2.28099456
2.17328375
2.24181540
2.21130287
2.16400406
2.25688783
2.21492774
2.14295964
2.23775125
2.13008726
2.14828641
2.15531765
2.11473721
2.17036453
2.18976969
2.18473274
2.12754630
2.13410956
2.21210561
2.18618880
2.51801837
2.13846131
2.22115626
2.22379435
2.20392292
2.25277047
2.15999361
2.14549084
2.36664753
2.17974503
2.29904751
2.19364139
2.32852982
2.32088348
2.28234268
2.25395640
2.28825094
2.27751334
2.34908308
2.22435013
300.00000000
300.00000000
300.00000000
300.00000000
300.00000000
300.00000000
300.00000000
300.00000000
300.00000000
3.72740441
3.68546789
3.65001512
3.71005234
3.62000825
3.63259842
3.58679542
3.49719711
3.53532549
3.51265385
3.49025882
3.48004120
3.41184524
3.46501515
3.42181774
3.40213574
3.37503742
3.36510374
3.32557214
3.30041149
3.24527327
3.25710291
3.25206820
3.22512496
3.25678480
3.25527718
3.19489976
3.23170880
3.22316217
3.16543147
3.17489668
3.20544063
3.12871074
3.17801700
3.15355574
3.20651376
3.24011452
3.10951329
3.22032452
3.19104150
3.25095569
3.26275588
3.22157656
3.23460776
3.27961633
3.35340463
3.40989926
3.37081463
3.34824361
3.38686233
3.33757946
3.32495198
3.37873523
3.36502429
3.37411117
3.40213082
3.41380656
3.41756878
3.50052185
4.06657894
3.79120608
3.37241633
3.21282949
3.27557492
3.24976018
3.30965606
3.21036497
3.21288629
3.22238276
3.27091447
3.24458576
3.16175715
3.21031246
3.22401963
3.19850372
3.12050128
3.08557435
3.01126563
3.14458684
3.10527934
3.09891166
3.05833385
3.00741341
3.50229330
3.03464734
2.98433938
2.97982250
3.05451304
2.97819122
3.00776736
3.00311651
2.91456028
2.96289589
3.04361933
2.98217026
2.98168845
2.93825780
2.98369804
2.96354973
2.93256356
2.96577019
2.95572536
3.00205388
3.06168802
3.06038722
3.01016051
3.05320541
3.09720165
3.01963498
3.03213222
3.09860662
3.14646794
3.10325534
3.06462690
3.08660198
3.11753878
3.09848185
3.15271075
3.16588154
3.21939120
300.00000000
300.00000000
300.00000000
300.00000000
